-1.8476 -0.926679 3.43368 0.911491 0.0658079 -0.255287 0.315726
0 0 0 1 0 0 0
-2 1 0 1 0 0 0
0.5 0.75 0 1 0 0 0
0.7 0 0 1 0 0 0
-0.5 0.75 0 1 0 0 0
-0.7 0 0 1 0 0 0
0 0.75 0 1 0 0 0
0.375 -0.75 0 1 0 0 0
0 -0.7 0 1 0 0 0
-0.375 -0.75 0 1 0 0 0
0 -0.7 0 1 0 0 0
2 1 0 1 0 0 0
0.5 0.75 0 1 0 0 0
0.7 0 0 1 0 0 0
-0.5 0.75 0 1 0 0 0
-0.7 0 0 1 0 0 0
0 0.75 0 1 0 0 0
0.375 -0.75 0 1 0 0 0
0 -0.7 0 1 0 0 0
-0.375 -0.75 0 1 0 0 0
0 -0.7 0 1 0 0 0
2 3 14 1 0 0 0
-2 3 -5 1 0 0 0
2.89543 -0.0153968 2.77106 0.880926 0.136691 0.384977 0.23891
0 0 0 1 0 0 0
-2 1 0 1 0 0 0
0.5 0.75 0 1 0 0 0
0.7 0 0 1 0 0 0
-0.5 0.75 0 1 0 0 0
-0.7 0 0 1 0 0 0
0 0.75 0 1 0 0 0
0.375 -0.75 0 1 0 0 0
0 -0.7 0 1 0 0 0
-0.375 -0.75 0 1 0 0 0
0 -0.7 0 1 0 0 0
2 1 0 1 0 0 0
0.5 0.75 0 1 0 0 0
0.7 0 0 1 0 0 0
-0.5 0.75 0 1 0 0 0
-0.7 0 0 1 0 0 0
0 0.75 0 1 0 0 0
0.375 -0.75 0 1 0 0 0
0 -0.7 0 1 0 0 0
-0.375 -0.75 0 1 0 0 0
0 -0.7 0 1 0 0 0
2 3 14 1 0 0 0
-2 3 -5 1 0 0 0
3.53 -0.953202 1.64103 0.825687 0.233536 0.505254 0.0917606
0 0 0 1 0 0 0
-2 1 0 1 0 0 0
0.5 0.75 0 1 0 0 0
0.7 0 0 1 0 0 0
-0.5 0.75 0 1 0 0 0
-0.7 0 0 1 0 0 0
0 0.75 0 1 0 0 0
0.375 -0.75 0 1 0 0 0
0 -0.7 0 1 0 0 0
-0.375 -0.75 0 1 0 0 0
0 -0.7 0 1 0 0 0
2 1 0 1 0 0 0
0.5 0.75 0 1 0 0 0
0.7 0 0 1 0 0 0
-0.5 0.75 0 1 0 0 0
-0.7 0 0 1 0 0 0
0 0.75 0 1 0 0 0
0.375 -0.75 0 1 0 0 0
0 -0.7 0 1 0 0 0
-0.375 -0.75 0 1 0 0 0
0 -0.7 0 1 0 0 0
2 3 14 1 0 0 0
-2 3 -5 1 0 0 0
-0.720567 -1.47103 -3.65778 0.0266048 0.613042 0.756086 -0.22761
0 0 0 1 0 0 0
-2 1 0 1 0 0 0
0.5 0.75 0 1 0 0 0
0.7 0 0 1 0 0 0
-0.5 0.75 0 1 0 0 0
-0.7 0 0 1 0 0 0
0 0.75 0 1 0 0 0
0.375 -0.75 0 1 0 0 0
0 -0.7 0 1 0 0 0
-0.375 -0.75 0 1 0 0 0
0 -0.7 0 1 0 0 0
2 1 0 1 0 0 0
0.5 0.75 0 1 0 0 0
0.7 0 0 1 0 0 0
-0.5 0.75 0 1 0 0 0
-0.7 0 0 1 0 0 0
0 0.75 0 1 0 0 0
0.375 -0.75 0 1 0 0 0
0 -0.7 0 1 0 0 0
-0.375 -0.75 0 1 0 0 0
0 -0.7 0 1 0 0 0
2 3 14 1 0 0 0
-2 3 -5 1 0 0 0
-0.0189942 0.249277 4 0.999277 0 0 0.038016
0 0 0 1 0 0 0
-2 1 0 1 0 0 0
0.5 0.75 0 1 0 0 0
0.7 0 0 1 0 0 0
-0.5 0.75 0 1 0 0 0
-0.7 0 0 1 0 0 0
0 0.75 0 1 0 0 0
0.375 -0.75 0 1 0 0 0
0 -0.7 0 1 0 0 0
-0.375 -0.75 0 1 0 0 0
0 -0.7 0 1 0 0 0
2 1 0 1 0 0 0
0.5 0.75 0 1 0 0 0
0.7 0 0 1 0 0 0
-0.5 0.75 0 1 0 0 0
-0.7 0 0 1 0 0 0
0 0.75 0 1 0 0 0
0.375 -0.75 0 1 0 0 0
0 -0.7 0 1 0 0 0
-0.375 -0.75 0 1 0 0 0
0 -0.7 0 1 0 0 0
2 3 14 1 0 0 0
-2 3 -5 1 0 0 0
2.14214 -0.798439 -3.29184 0.266976 0.592771 0.757022 0.0652933
0 0 0 1 0 0 0
-2 1 0 1 0 0 0
0.5 0.75 0 1 0 0 0
0.7 0 0 1 0 0 0
-0.5 0.75 0 1 0 0 0
-0.7 0 0 1 0 0 0
0 0.75 0 1 0 0 0
0.375 -0.75 0 1 0 0 0
0 -0.7 0 1 0 0 0
-0.375 -0.75 0 1 0 0 0
0 -0.7 0 1 0 0 0
2 1 0 1 0 0 0
0.5 0.75 0 1 0 0 0
0.7 0 0 1 0 0 0
-0.5 0.75 0 1 0 0 0
-0.7 0 0 1 0 0 0
0 0.75 0 1 0 0 0
0.375 -0.75 0 1 0 0 0
0 -0.7 0 1 0 0 0
-0.375 -0.75 0 1 0 0 0
0 -0.7 0 1 0 0 0
2 3 14 1 0 0 0
-2 3 -5 1 0 0 0
3.8174 -0.304601 1.18204 0.773808 0.215015 0.568142 0.179458
0 0 0 1 0 0 0
-2 1 0 1 0 0 0
0.5 0.75 0 1 0 0 0
0.7 0 0 1 0 0 0
-0.5 0.75 0 1 0 0 0
-0.7 0 0 1 0 0 0
0 0.75 0 1 0 0 0
0.375 -0.75 0 1 0 0 0
0 -0.7 0 1 0 0 0
-0.375 -0.75 0 1 0 0 0
0 -0.7 0 1 0 0 0
2 1 0 1 0 0 0
0.5 0.75 0 1 0 0 0
0.7 0 0 1 0 0 0
-0.5 0.75 0 1 0 0 0
-0.7 0 0 1 0 0 0
0 0.75 0 1 0 0 0
0.375 -0.75 0 1 0 0 0
0 -0.7 0 1 0 0 0
-0.375 -0.75 0 1 0 0 0
0 -0.7 0 1 0 0 0
2 3 14 1 0 0 0
-2 3 -5 1 0 0 0
3.0786 -0.46737 -2.52315 0.359858 0.56008 0.722947 0.184825
0 0 0 1 0 0 0
-2 1 0 1 0 0 0
0.5 0.75 0 1 0 0 0
0.7 0 0 1 0 0 0
-0.5 0.75 0 1 0 0 0
-0.7 0 0 1 0 0 0
0 0.75 0 1 0 0 0
0.375 -0.75 0 1 0 0 0
0 -0.7 0 1 0 0 0
-0.375 -0.75 0 1 0 0 0
0 -0.7 0 1 0 0 0
2 1 0 1 0 0 0
0.5 0.75 0 1 0 0 0
0.7 0 0 1 0 0 0
-0.5 0.75 0 1 0 0 0
-0.7 0 0 1 0 0 0
0 0.75 0 1 0 0 0
0.375 -0.75 0 1 0 0 0
0 -0.7 0 1 0 0 0
-0.375 -0.75 0 1 0 0 0
0 -0.7 0 1 0 0 0
2 3 14 1 0 0 0
-2 3 -5 1 0 0 0
-0.0839854 0.235471 4 0.985364 0 0 0.170466
0 0 0 1 0 0 0
-2 1 0 1 0 0 0
0.5 0.75 0 1 0 0 0
0.7 0 0 1 0 0 0
-0.5 0.75 0 1 0 0 0
-0.7 0 0 1 0 0 0
0 0.75 0 1 0 0 0
0.375 -0.75 0 1 0 0 0
0 -0.7 0 1 0 0 0
-0.375 -0.75 0 1 0 0 0
0 -0.7 0 1 0 0 0
2 1 0 1 0 0 0
0.5 0.75 0 1 0 0 0
0.7 0 0 1 0 0 0
-0.5 0.75 0 1 0 0 0
-0.7 0 0 1 0 0 0
0 0.75 0 1 0 0 0
0.375 -0.75 0 1 0 0 0
0 -0.7 0 1 0 0 0
-0.375 -0.75 0 1 0 0 0
0 -0.7 0 1 0 0 0
2 3 14 1 0 0 0
-2 3 -5 1 0 0 0
3.92052 0.347907 0.755654 0.568302 0.393214 0.530255 0.491167
0 0 0 1 0 0 0
-2 1 0 1 0 0 0
0.5 0.75 0 1 0 0 0
0.7 0 0 1 0 0 0
-0.5 0.75 0 1 0 0 0
-0.7 0 0 1 0 0 0
0 0.75 0 1 0 0 0
0.375 -0.75 0 1 0 0 0
0 -0.7 0 1 0 0 0
-0.375 -0.75 0 1 0 0 0
0 -0.7 0 1 0 0 0
2 1 0 1 0 0 0
0.5 0.75 0 1 0 0 0
0.7 0 0 1 0 0 0
-0.5 0.75 0 1 0 0 0
-0.7 0 0 1 0 0 0
0 0.75 0 1 0 0 0
0.375 -0.75 0 1 0 0 0
0 -0.7 0 1 0 0 0
-0.375 -0.75 0 1 0 0 0
0 -0.7 0 1 0 0 0
2 3 14 1 0 0 0
-2 3 -5 1 0 0 0
3.34559 0.0598726 2.20589 0.833465 0.163187 0.46207 0.255338
0 0 0 1 0 0 0
-2 1 0 1 0 0 0
0.5 0.75 0 1 0 0 0
0.7 0 0 1 0 0 0
-0.5 0.75 0 1 0 0 0
-0.7 0 0 1 0 0 0
0 0.75 0 1 0 0 0
0.375 -0.75 0 1 0 0 0
0 -0.7 0 1 0 0 0
-0.375 -0.75 0 1 0 0 0
0 -0.7 0 1 0 0 0
2 1 0 1 0 0 0
0.5 0.75 0 1 0 0 0
0.7 0 0 1 0 0 0
-0.5 0.75 0 1 0 0 0
-0.7 0 0 1 0 0 0
0 0.75 0 1 0 0 0
0.375 -0.75 0 1 0 0 0
0 -0.7 0 1 0 0 0
-0.375 -0.75 0 1 0 0 0
0 -0.7 0 1 0 0 0
2 3 14 1 0 0 0
-2 3 -5 1 0 0 0
-1.91568 -1.038 3.36381 0.777182 -0.0127095 -0.263326 0.57139
0 0 0 1 0 0 0
-2 1 0 1 0 0 0
0.5 0.75 0 1 0 0 0
0.7 0 0 1 0 0 0
-0.5 0.75 0 1 0 0 0
-0.7 0 0 1 0 0 0
0 0.75 0 1 0 0 0
0.375 -0.75 0 1 0 0 0
0 -0.7 0 1 0 0 0
-0.375 -0.75 0 1 0 0 0
0 -0.7 0 1 0 0 0
2 1 0 1 0 0 0
0.5 0.75 0 1 0 0 0
0.7 0 0 1 0 0 0
-0.5 0.75 0 1 0 0 0
-0.7 0 0 1 0 0 0
0 0.75 0 1 0 0 0
0.375 -0.75 0 1 0 0 0
0 -0.7 0 1 0 0 0
-0.375 -0.75 0 1 0 0 0
0 -0.7 0 1 0 0 0
2 3 14 1 0 0 0
-2 3 -5 1 0 0 0
