0.0831607 0.264332 4.01041 0.999424 -0.00816013 -0.0329439 0.00043079
0 0 0 1 0 0 0
-1.12429 0.68317 0.0629757 0.961893 0.123614 0.243716 0.00913843
0.5 0.75 0 1 0 0 0
0.7 0 0 1 0 0 0
-0.5 0.75 0 1 0 0 0
-0.7 0 0 1 0 0 0
0 0.75 0 1 0 0 0
0.375 -0.75 0 1 0 0 0
0 -0.7 0 1 0 0 0
-0.375 -0.75 0 1 0 0 0
0 -0.7 0 1 0 0 0
2 1 0 1 0 0 0
0.5 0.75 0 1 0 0 0
0.7 0 0 1 0 0 0
-0.5 0.75 0 1 0 0 0
-0.7 0 0 1 0 0 0
0 0.75 0 1 0 0 0
0.375 -0.75 0 1 0 0 0
0 -0.7 0 1 0 0 0
-0.375 -0.75 0 1 0 0 0
0 -0.7 0 1 0 0 0
2 3 14 1 0 0 0
-2 3 -5 1 0 0 0
0.0831607 0.264332 4.01041 0.999424 -0.00816013 -0.0329439 0.00043079
0 0 0 1 0 0 0
-1.12429 0.68317 0.0629757 0.961893 0.123614 0.243716 0.00913843
0.5 0.75 0 1 0 0 0
0.7 0 0 1 0 0 0
-0.5 0.75 0 1 0 0 0
-0.7 0 0 1 0 0 0
0 0.75 0 1 0 0 0
0.375 -0.75 0 1 0 0 0
0 -0.7 0 1 0 0 0
-0.375 -0.75 0 1 0 0 0
0 -0.7 0 1 0 0 0
2 1 0 1 0 0 0
0.5 0.75 0 1 0 0 0
0.7 0 0 1 0 0 0
-0.5 0.75 0 1 0 0 0
-0.7 0 0 1 0 0 0
0 0.75 0 1 0 0 0
0.375 -0.75 0 1 0 0 0
0 -0.7 0 1 0 0 0
-0.375 -0.75 0 1 0 0 0
0 -0.7 0 1 0 0 0
2 3 14 1 0 0 0
-2 3 -5 1 0 0 0
0.0831607 0.264332 4.01041 0.999424 -0.00816013 -0.0329439 0.00043079
0 0 0 1 0 0 0
-1.12429 0.68317 0.0629757 0.9948 0.0612502 0.0742747 -0.0332321
0.5 0.75 0 1 0 0 0
0.7 0 0 1 0 0 0
-0.5 0.75 0 1 0 0 0
-0.7 0 0 1 0 0 0
0 0.75 0 1 0 0 0
0.375 -0.75 0 1 0 0 0
0 -0.7 0 1 0 0 0
-0.375 -0.75 2.42861e-16 0.873801 -0.458191 0.143975 -0.0761841
0 -0.7 0 1 0 0 0
2 1 0 1 0 0 0
0.5 0.75 0 1 0 0 0
0.7 0 0 1 0 0 0
-0.5 0.75 0 1 0 0 0
-0.7 0 0 1 0 0 0
0 0.75 0 1 0 0 0
0.375 -0.75 0 1 0 0 0
0 -0.7 0 1 0 0 0
-0.375 -0.75 0 1 0 0 0
0 -0.7 0 1 0 0 0
2 3 14 1 0 0 0
-2 3 -5 1 0 0 0
0.0831607 0.264332 4.01041 0.999424 -0.00816013 -0.0329439 0.00043079
0 0 0 1 0 0 0
-1.12429 0.68317 0.0629757 0.9948 0.0612502 0.0742747 -0.0332321
0.5 0.75 0 1 0 0 0
0.7 0 0 1 0 0 0
-0.5 0.75 0 1 0 0 0
-0.7 0 0 1 0 0 0
0 0.75 0 1 0 0 0
0.375 -0.75 0 1 0 0 0
0 -0.7 0 1 0 0 0
-0.375 -0.75 2.42861e-16 0.873801 -0.458191 0.143975 -0.0761841
-2.08167e-17 -0.7 9.7318e-16 0.929335 0.335745 -0.0638386 0.13977
2 1 0 1 0 0 0
0.5 0.75 0 1 0 0 0
0.7 0 0 1 0 0 0
-0.5 0.75 0 1 0 0 0
-0.7 0 0 1 0 0 0
0 0.75 0 1 0 0 0
0.375 -0.75 0 1 0 0 0
0 -0.7 0 1 0 0 0
-0.375 -0.75 0 1 0 0 0
0 -0.7 0 1 0 0 0
2 3 14 1 0 0 0
-2 3 -5 1 0 0 0
0.0824477 0.265574 4.01034 0.999421 -0.00821912 -0.0329293 0.0022208
0 0 0 1 0 0 0
-1.15817 0.56275 0.079196 0.994574 0.0815766 0.0592095 -0.025722
0.5 0.75 0 1 0 0 0
0.7 0 0 1 0 0 0
-0.5 0.75 0 1 0 0 0
-0.7 0 0 1 0 0 0
0 0.75 0 1 0 0 0
0.375 -0.75 -3.65159e-16 0.96607 -0.253797 0.0378053 -0.0294284
0 -0.7 0 1 0 0 0
-0.375 -0.75 6.99094e-16 0.984053 -0.151261 0.0824246 0.0443478
-2.2508e-16 -0.7 8.67362e-17 0.999272 0.0340197 -0.0114205 -0.0129253
2 1 0 1 0 0 0
0.5 0.75 0 1 0 0 0
0.7 0 0 1 0 0 0
-0.5 0.75 0 1 0 0 0
-0.7 0 0 1 0 0 0
0 0.75 0 1 0 0 0
0.375 -0.75 0 1 0 0 0
0 -0.7 0 1 0 0 0
-0.375 -0.75 0 1 0 0 0
0 -0.7 0 1 0 0 0
2 3 14 1 0 0 0
-2 3 -5 1 0 0 0
0.0824477 0.265574 4.01034 0.999421 -0.00821912 -0.0329293 0.0022208
0 0 0 1 0 0 0
-1.15817 0.56275 0.079196 0.994574 0.0815766 0.0592095 -0.025722
0.5 0.75 0 1 0 0 0
0.7 0 0 1 0 0 0
-0.5 0.75 0 1 0 0 0
-0.7 0 0 1 0 0 0
0 0.75 0 1 0 0 0
0.375 -0.75 -3.65159e-16 0.96607 -0.253797 0.0378053 -0.0294284
-7.15573e-17 -0.7 2.08167e-16 0.977584 0.193012 0.00850945 0.0836841
-0.375 -0.75 6.99094e-16 0.984053 -0.151261 0.0824246 0.0443478
-2.2508e-16 -0.7 8.67362e-17 0.999272 0.0340197 -0.0114205 -0.0129253
2 1 0 1 0 0 0
0.5 0.75 0 1 0 0 0
0.7 0 0 1 0 0 0
-0.5 0.75 0 1 0 0 0
-0.7 0 0 1 0 0 0
0 0.75 0 1 0 0 0
0.375 -0.75 0 1 0 0 0
0 -0.7 0 1 0 0 0
-0.375 -0.75 0 1 0 0 0
0 -0.7 0 1 0 0 0
2 3 14 1 0 0 0
-2 3 -5 1 0 0 0
0.0824477 0.265574 4.01034 0.999421 -0.00821912 -0.0329293 0.0022208
0 0 0 1 0 0 0
-1.15817 0.56275 0.079196 0.994574 0.0815766 0.0592095 -0.025722
0.5 0.75 0 1 0 0 0
0.7 0 0 1 0 0 0
-0.5 0.75 0 1 0 0 0
-0.7 0 0 1 0 0 0
0 0.75 0 1 0 0 0
0.375 -0.75 -3.65159e-16 0.96607 -0.253797 0.0378053 -0.0294284
-7.15573e-17 -0.7 2.08167e-16 0.977584 0.193012 0.00850945 0.0836841
-0.375 -0.75 6.99094e-16 0.984053 -0.151261 0.0824246 0.0443478
-2.2508e-16 -0.7 8.67362e-17 0.999272 0.0340197 -0.0114205 -0.0129253
2 1 0 1 0 0 0
0.5 0.75 0 1 0 0 0
0.7 0 0 1 0 0 0
-0.5 0.75 0 1 0 0 0
-0.7 0 0 1 0 0 0
0 0.75 0 1 0 0 0
0.375 -0.75 0 1 0 0 0
0 -0.7 0 1 0 0 0
-0.375 -0.75 0 1 0 0 0
0 -0.7 0 1 0 0 0
2 3 14 1 0 0 0
-2 3 -5 1 0 0 0
0.0818464 0.266614 4.01029 0.999417 -0.00826856 -0.0329169 0.00372179
0 0 0 1 0 0 0
-1.15817 0.562746 0.0791965 0.994683 0.0990689 0.0188289 -0.0209105
0.5 0.75 0 1 0 0 0
0.7 0 0 1 0 0 0
-0.5 0.75 0 1 0 0 0
-0.7 0 0 1 0 0 0
0 0.75 0 1 0 0 0
0.375 -0.75 -7.97973e-17 0.907673 -0.169765 0.345668 0.166805
-5.35596e-16 -0.7 2.1207e-16 0.996045 0.0326658 0.023562 -0.0791987
-0.375 -0.75 6.99108e-16 0.984054 -0.15125 0.0824224 0.0443516
-2.25087e-16 -0.7 8.6708e-17 0.999273 0.0340098 -0.0114187 -0.0129302
2 1 0 1 0 0 0
0.5 0.75 0 1 0 0 0
0.7 0 0 1 0 0 0
-0.5 0.75 0 1 0 0 0
-0.7 0 0 1 0 0 0
0 0.75 0 1 0 0 0
0.375 -0.75 0 1 0 0 0
0 -0.7 0 1 0 0 0
-0.375 -0.75 0 1 0 0 0
0 -0.7 0 1 0 0 0
2 3 14 1 0 0 0
-2 3 -5 1 0 0 0
0.0818464 0.266614 4.01029 0.999417 -0.00826856 -0.0329169 0.00372179
0 0 0 1 0 0 0
-0.84742 0.54339 0.100024 0.9951 0.0959678 -0.0100716 -0.0215644
0.5 0.75 1.11716e-15 0.713592 0.614972 -0.262933 -0.208477
0.7 -1.12063e-15 -8.81998e-17 0.103469 -0.66969 0.196849 0.708562
-0.5 0.75 -1.31839e-16 0.683401 0.599719 0.362719 0.204293
-0.7 7.54605e-17 1.84835e-15 0.454507 -0.496742 -0.42483 -0.605136
0 0.75 0 1 0 0 0
0.375 -0.75 2.19443e-16 0.977031 -0.21071 -0.00753631 0.0309075
-5.82867e-16 -0.7 6.70769e-16 0.984855 0.130349 0.100215 0.0550165
-0.375 -0.75 5.0307e-16 0.951635 -0.102851 0.271304 0.10103
2.89699e-16 -0.7 4.34115e-16 0.905854 -0.187486 -0.30189 -0.23052
2 1 0 1 0 0 0
0.5 0.75 0 1 0 0 0
0.7 0 0 1 0 0 0
-0.5 0.75 0 1 0 0 0
-0.7 0 0 1 0 0 0
0 0.75 0 1 0 0 0
0.375 -0.75 0 1 0 0 0
0 -0.7 0 1 0 0 0
-0.375 -0.75 0 1 0 0 0
0 -0.7 0 1 0 0 0
2 3 14 1 0 0 0
-2 3 -5 1 0 0 0
0.0818464 0.266614 4.01029 0.999417 -0.00826856 -0.0329169 0.00372179
0 0 0 1 0 0 0
-0.84742 0.54339 0.100024 0.9951 0.0959678 -0.0100716 -0.0215644
0.5 0.75 1.11716e-15 0.713592 0.614972 -0.262933 -0.208477
0.7 -1.12063e-15 -8.81998e-17 0.103469 -0.66969 0.196849 0.708562
-0.5 0.75 -1.31839e-16 0.683401 0.599719 0.362719 0.204293
-0.7 7.54605e-17 1.84835e-15 0.454507 -0.496742 -0.42483 -0.605136
0 0.75 0 1 0 0 0
0.375 -0.75 2.19443e-16 0.977031 -0.21071 -0.00753631 0.0309075
-5.82867e-16 -0.7 6.70769e-16 0.984855 0.130349 0.100215 0.0550165
-0.375 -0.75 5.0307e-16 0.951635 -0.102851 0.271304 0.10103
2.89699e-16 -0.7 4.34115e-16 0.905854 -0.187486 -0.30189 -0.23052
2 1 0 1 0 0 0
0.5 0.75 0 1 0 0 0
0.7 0 0 1 0 0 0
-0.5 0.75 0 1 0 0 0
-0.7 0 0 1 0 0 0
0 0.75 0 1 0 0 0
0.375 -0.75 0 1 0 0 0
0 -0.7 0 1 0 0 0
-0.375 -0.75 0 1 0 0 0
0 -0.7 0 1 0 0 0
2 3 14 1 0 0 0
-2 3 -5 1 0 0 0
